doy	temp	glorad
1	3.83	1.51
2	4.3	1.12
3	4.97	1.46
4	4.87	0.63
5	5.6	0.69
6	4.83	1.93
7	5.3	1.13
8	6.2	1.6
9	5.27	2.93
10	3.8	2.07
11	5.93	1.5
12	6.77	1.61
13	7	2.31
14	5.63	2.41
15	5.67	1.16
16	4.7	2.28
17	4.87	2.03
18	2.97	3.05
19	3.27	3.09
20	3.1	3.03
21	1.93	3.56
22	2.23	1.97
23	1.97	2.21
24	0.9	2.59
25	1.7	2.61
26	5.73	3.19
27	6.23	1.59
28	4.8	2.27
29	5	3.4
30	3.2	2.96
31	2.77	3.13
32	4.13	2.14
33	5.17	1.41
34	6.53	3.46
35	4.6	2.63
36	5.2	3.37
37	4.23	2.59
38	2.53	4.89
39	3.13	2.12
40	4.77	4.3
41	3.57	4.02
42	2.2	6.27
43	1.67	6.78
44	2.1	4.87
45	3.73	6.73
46	6.57	4.89
47	8.4	5.11
48	8.1	6.28
49	7.63	6.21
50	6.87	6.6
51	9.23	7.1
52	8.73	6.21
53	10.17	3.82
54	9.67	6.78
55	9.13	7.51
56	8.43	9.57
57	5.9	9.18
58	5.5	7.09
59	5.43	7.55
60	6.83	5.38
61	7.03	8.71
62	7.07	4.19
63	5.8	6.59
64	5.3	11.02
65	5.4	5.47
66	5.6	6.9
67	6.6	8.64
68	7.53	3.92
69	6.43	5.28
70	8.3	5
71	8.3	5.9
72	7.53	6.77
73	7.17	5.21
74	7.6	7.15
75	8.4	3.81
76	6.53	10.27
77	6.03	10.24
78	6.6	11.73
79	7.3	6.97
80	6.97	6.16
81	6.6	12.27
82	6.4	9.94
83	5.63	16.23
84	6.93	12.25
85	7.5	12.99
86	7.6	13.1
87	8.9	9.54
88	9.57	17.77
89	9.07	17.01
90	8.6	14.21
91	6.93	19.23
92	6.17	10.25
93	6.77	11.24
94	6.17	9.18
95	6.43	17.12
96	8.57	14.48
97	10.93	14.99
98	10.67	16.75
99	10.8	17.85
100	8.1	15.82
101	7.27	17.23
102	7	17.31
103	7.03	17.22
104	5.93	16.87
105	7.3	14.76
106	9.17	21.01
107	10.93	17.43
108	11.87	21.35
109	12.43	14.8
110	13.6	20.86
111	11.97	22.38
112	12.53	22.53
113	12.67	22.49
114	13.37	20.45
115	10.57	17.15
116	9.93	19.88
117	9.33	19.27
118	10.8	17.49
119	9.17	10.67
120	10.03	7.48
121	9.43	18.2
122	8.87	13.4
123	9.4	14.19
124	8.83	14.33
125	8.2	19.51
126	7.23	16.48
127	8.4	19.97
128	10.87	14.1
129	15.13	21.49
130	14.5	17.38
131	12.03	17.27
132	9.8	21.48
133	9.73	22.6
134	9.7	20.59
135	9.93	19.32
136	10.57	19.07
137	10.97	13.19
138	12.97	22.17
139	13.47	19.72
140	14.03	16.55
141	13.73	15.94
142	14.33	19.55
143	15.23	18.72
144	13.83	20.58
145	12.37	13.27
146	14.07	18.81
147	13.7	18.11
148	13.17	22.72
149	13.2	28.61
150	15.67	23.2
151	17.23	24.96
152	18.2	29.01
153	20.8	27.66
154	19.47	19.5
155	18.67	21.91
156	14.9	8.43
157	13.7	20.65
158	14.63	22.75
159	15.4	18.58
160	16.3	24.89
161	16.8	20.55
162	16.03	19.08
163	15.47	14.36
164	16.77	23.75
165	19.17	26.76
166	17.47	16.76
167	19.23	22.97
168	20.37	20.77
169	20.7	22.07
170	18.13	12.96
171	17.53	18.58
172	15.37	15.8
173	16.67	21.05
174	18.33	22.92
175	19.97	24.46
176	21.47	21.11
177	20.97	23.16
178	20.47	26.33
179	19.7	19.15
180	19.27	19.92
181	16.9	14.97
182	16.33	12.83
183	17.27	18.64
184	16.83	17.82
185	17.4	21.23
186	17.33	15.31
187	17.43	14.51
188	15.37	17.79
189	15.5	17.37
190	15.63	19.67
191	16.6	10.31
192	17.4	17.27
193	16.87	17.27
194	16.83	12.82
195	17.23	16.96
196	16.33	7.11
197	16.53	15.73
198	17.93	21.02
199	19.17	19.35
200	18.73	20.61
201	18.17	19.63
202	18	23.98
203	17.8	24.61
204	18.53	22.32
205	21	18.62
206	22.33	19.71
207	21.83	16.04
208	19.7	18.43
209	18.5	11.65
210	18.2	22.08
211	18.33	18.71
212	17.6	18.08
213	19.6	17.95
214	18.07	14.18
215	16.23	13.8
216	16.87	16.89
217	18.47	19.79
218	19.5	19.27
219	19.47	20.43
220	19.83	19.36
221	20.97	13.8
222	21.23	19.03
223	20.57	19.63
224	20.67	19.37
225	19.53	16.88
226	19.7	16.17
227	19.87	17.3
228	18.6	15.22
229	18.2	9.11
230	17.5	9.83
231	17.07	13.32
232	18.1	16.02
233	19.07	16.05
234	19.33	16.61
235	18.33	17.57
236	18.23	18.12
237	17.97	17.39
238	18.9	12.98
239	18.63	12.93
240	18.43	12.36
241	16.93	10.13
242	16.33	14.73
243	17.07	13.01
244	15.8	11.75
245	15.23	13.85
246	15.8	13.42
247	15.57	8.98
248	15.43	15.32
249	15.1	13.78
250	15.43	14.13
251	15.93	17.38
252	16.13	11.55
253	16.23	8.56
254	15.47	8.28
255	16	12.16
256	15.07	10.88
257	15.63	15.34
258	16.87	12.18
259	16.93	11.13
260	15.3	11.2
261	13.23	13.61
262	13.83	14.07
263	13.07	14.81
264	14.17	15.51
265	15.57	14.51
266	15.3	10.49
267	16.37	7.49
268	15.3	7.22
269	14.83	6.85
270	14.57	8.82
271	14.57	8.98
272	13.2	3.2
273	13.9	8.25
274	14.63	4.98
275	12.67	6.64
276	12.4	5.7
277	12.23	5.43
278	11.5	7.96
279	11.17	3.76
280	11.07	6.76
281	12.1	6.79
282	11.53	6.13
283	11.5	7.96
284	11.73	5.34
285	10.63	5.53
286	11.93	6.2
287	12.77	5.49
288	11.57	6.25
289	10.93	5.22
290	10.9	6.57
291	10.37	5.48
292	12.37	4.73
293	11.97	3.55
294	11.27	2.96
295	11.73	3.73
296	10.9	4.86
297	11.5	6.56
298	12.8	3.89
299	13.7	4.38
300	11.1	5.7
301	9.27	5.9
302	9.7	6.02
303	9.07	4.3
304	9.73	4.59
305	10.17	3.85
306	11.5	3.28
307	10.43	3.28
308	8.43	4.15
309	7.87	4.63
310	8.17	4.12
311	8.7	4.15
312	6.6	5.34
313	7.8	3.58
314	7.8	4.41
315	9.1	2.63
316	8	2.59
317	9.03	2.53
318	8.3	2.16
319	7.77	1.47
320	7.23	1.79
321	7.7	3.06
322	9.53	2.47
323	9.77	3.71
324	6.6	2.68
325	5.67	3.52
326	6.33	3.41
327	7.1	2.5
328	5.67	3.4
329	6.87	2.68
330	6.9	2.19
331	7.4	1.14
332	5.93	1.09
333	4.27	3.05
334	3.47	2.43
335	3.53	1.95
336	4.97	2.51
337	4.73	1.89
338	3.9	1.76
339	3.63	1.54
340	3.63	1.66
341	5.07	2.03
342	6.2	1.8
343	3.97	1.62
344	3.03	1.87
345	3.77	2.48
346	5.33	1.77
347	7	0.95
348	7.3	1.6
349	8.87	1.74
350	7.4	1.67
351	8.27	1.86
352	7.3	1.87
353	8.43	2.31
354	7.37	1.47
355	4.53	2.27
356	4.43	1.52
357	6.93	1.48
358	9	0.7
359	4.07	2.59
360	2.67	2.18
361	4.47	2.17
362	4.57	1.44
363	4.77	1.84
364	7.07	2.13
365	7.07	2.43
