doy	temp	glorad
1	5.8	1.8
2	1.7	2.4
3	-0.5	1.6
4	5.6	1.4
5	4.9	1.5
6	2.4	0.9
7	5.5	1.2
8	3.5	0.8
9	1	2.7
10	1	0.7
11	5.3	2.4
12	4.4	0.8
13	5.7	1
14	1.3	3.2
15	4.7	0.8
16	6.6	0.5
17	0.8	1.2
18	-1.4	3.3
19	-1.1	2.6
20	-0.6	2.4
21	1	3.2
22	-1.2	1
23	-2.5	1.9
24	-3.8	0.8
25	-4.1	1.4
26	-1.1	1.7
27	1.4	0.9
28	-0.2	1.1
29	-1.4	3.8
30	0.2	3.1
31	0.2	0.8
32	0	2.5
33	0.2	0.5
34	0.1	4.3
35	1	1
36	3.9	2.4
37	2.7	0.9
38	4	0.9
39	5.4	1.8
40	6.1	2.4
41	4.8	2.4
42	2.9	6.8
43	2.4	4.4
44	6.7	4
45	5.7	1.3
46	5.5	6.5
47	6.6	5.5
48	6.3	2.3
49	5.9	3.8
50	5.9	3.8
51	5.3	2.9
52	6.3	1.9
53	2.5	4.4
54	3.1	6.3
55	4.1	4.6
56	3.7	5.7
57	7.7	8.3
58	6.5	9.5
59	5.2	10.2
60	1.9	8.6
61	1.8	4.6
62	6.7	9.1
63	5.9	3.3
64	3.6	3.1
65	4.5	2.5
66	7.1	1.9
67	4.5	10.2
68	4.4	6.5
69	2.4	10.7
70	0.9	12.4
71	2.5	2.9
72	4.3	4.2
73	4.5	3.5
74	3.7	2.9
75	4.5	5.9
76	5.3	7.3
77	4.5	13.2
78	3.2	15
79	7	7.4
80	9	7
81	6.1	6.5
82	6.5	11.5
83	4.9	10.5
84	4.6	11.3
85	5.8	14.4
86	7.5	6.3
87	8.9	11.7
88	8.2	16.9
89	7.5	12.9
90	3.8	16.5
91	2.3	18.2
92	5.7	17.3
93	8.5	9.2
94	8.5	14.1
95	9.4	15.2
96	10.3	15.9
97	8.5	13.1
98	4.9	17.9
99	2.3	20.9
100	0.8	6.2
101	1.9	14.5
102	1.7	18.6
103	2.1	21
104	3.8	20.1
105	3.8	21.8
106	4.3	17.6
107	7.1	21.9
108	9.6	22.1
109	11.2	21.9
110	11.1	22.5
111	11.9	22.5
112	11.3	22.9
113	12.4	23.1
114	12.1	12.6
115	13.1	14.2
116	13.2	10.4
117	10.3	10.1
118	10.4	15.1
119	13.2	22.8
120	12.4	22.2
121	8.6	7.9
122	7.7	21.2
123	3.7	18.3
124	4.5	20
125	5.5	19.7
126	5.2	20.6
127	5.2	17.6
128	5.6	14.1
129	10.7	14.6
130	8.6	7.5
131	7.4	27.5
132	8.4	25.3
133	7.8	23.9
134	8.4	21.5
135	9.4	20.5
136	12.4	26.9
137	9.9	5
138	11.9	13.7
139	13.8	22
140	14.5	20.2
141	14	5.4
142	10.3	6.5
143	12.4	25.5
144	10	9.7
145	10.9	17.3
146	10.1	15.6
147	9.8	9.5
148	8.3	21.4
149	8.5	22.6
150	11.2	6
151	12.4	26.8
152	13.3	11.5
153	15.4	24.5
154	16.2	13.4
155	13.6	26.6
156	17.9	20.3
157	17.6	18.8
158	14.1	26.3
159	13.8	10.8
160	13.3	18.8
161	13.2	20.4
162	15.3	6.8
163	15	4.6
164	16.4	22.1
165	16.2	21.4
166	15.9	11.6
167	16.2	24.8
168	16	20.5
169	18.8	20.8
170	18.9	25.4
171	16.1	11.1
172	12.7	13.7
173	13.2	29
174	14.8	21.2
175	16.7	28.1
176	20.8	22.7
177	17.2	17.8
178	14.9	29
179	15.6	27
180	16.5	27.5
181	18.1	27.3
182	15.3	16.7
183	12.1	22.5
184	11.6	23.2
185	11.7	8.6
186	13.2	30.9
187	12.6	15.1
188	12.1	12.5
189	13.3	23.1
190	15	27.1
191	14.1	30.2
192	13.8	11.8
193	17.2	14.1
194	14.8	24
195	14.6	16
196	14.5	12.9
197	16.5	20.7
198	15.8	26.4
199	16.9	21.6
200	16.7	16.2
201	17.3	10.5
202	16	11.7
203	14.8	6.8
204	19.6	26.2
205	20.7	25.7
206	24.3	24.3
207	23.8	26.5
208	21.6	23.1
209	20.3	17.7
210	22.1	16.3
211	20	14.3
212	17.9	12.1
213	16.3	11.6
214	17.3	23
215	18	23.9
216	15.3	10.7
217	16.1	9.4
218	17.8	17.7
219	16.2	13.9
220	15.3	13.2
221	17.1	15.1
222	18	13.5
223	17.4	14.7
224	16.4	20.2
225	14	16.9
226	13.4	16.7
227	15.1	8.6
228	15.3	12.6
229	16.2	10.8
230	14.2	6.8
231	14.9	17.4
232	15	18.4
233	14.4	18.6
234	15.5	10.4
235	17.8	13.5
236	18	19.2
237	19.8	20
238	21	18
239	21.2	17.4
240	22	17
241	17.5	9
242	16	12.2
243	19.1	19.1
244	15.5	11.2
245	12.6	17.8
246	14	14.2
247	14.3	3.7
248	12.1	14.5
249	11.4	7.5
250	12.5	12.4
251	12.8	10.8
252	13	5.5
253	14.2	3.4
254	13.1	6.2
255	13.7	12
256	12.7	14.9
257	12.7	12.9
258	13.1	9.4
259	11.4	12.5
260	9.3	12.5
261	10.1	12.6
262	10.4	13.3
263	12.4	6.2
264	13.1	13.4
265	12.6	14.8
266	13.1	5.2
267	12.7	2.2
268	13.3	2.9
269	13.5	3.2
270	14.5	8.6
271	12.7	6
272	12.6	6.4
273	10.7	10.4
274	7.8	8.3
275	7.7	5.7
276	8.5	7.6
277	7.5	4.4
278	5.4	10
279	4.3	7.1
280	4.4	10
281	9.8	8.7
282	9.8	6.1
283	9.4	7.8
284	11.5	4.3
285	10.9	6.8
286	10.4	3.4
287	11	6.2
288	11.4	2.8
289	11.8	1.8
290	10.7	3.6
291	10.1	2.8
292	10.7	4.4
293	9.9	6.8
294	7.7	2.8
295	9.5	4.5
296	10.3	5.6
297	11.9	2.4
298	10.6	4.6
299	10	1.1
300	7.5	5.1
301	5.9	5.4
302	2.9	6.9
303	2.8	3
304	6.3	3.3
305	4.2	3.1
306	6.5	0.9
307	8.7	1.2
308	7.4	0.9
309	3.3	1.1
310	1.9	2.2
311	2.9	1.7
312	4.9	1.2
313	4.2	1.5
314	2.9	3.3
315	4.9	2.4
316	4.3	1.5
317	4.1	3.9
318	3.9	3.2
319	5.7	1.1
320	7.4	0.3
321	6.4	2
322	7.2	0.3
323	6.2	0.9
324	5.1	2.8
325	5.4	0.8
326	7.5	1.1
327	7.1	0.3
328	6.5	0.4
329	5.9	0.2
330	5.3	0.4
331	7.2	0.7
332	6.6	0.6
333	1.4	2.8
334	0.9	2.9
335	0.8	1.8
336	1.3	2.5
337	3.9	0.7
338	6.9	1.4
339	7.3	1.6
340	9.3	0.6
341	6	1.7
342	7.2	1
343	4.6	1.6
344	2.2	1.4
345	4.9	1.7
346	3.4	1.1
347	3.1	1.1
348	3.1	0.6
349	3.6	0.4
350	4.6	0.2
351	5.2	0.4
352	4.3	1.5
353	5.1	1.3
354	5.3	0.6
355	6.1	1
356	5.1	0.7
357	5.3	0.3
358	5.5	0.9
359	4.2	1.6
360	0.4	1.8
361	0.1	1.5
362	-0.5	0.7
363	4.6	0.4
364	7.6	1.4
365	4.9	2
